2.2 -1.5471962211111112 0.7861376666666667 1.3875539728127764 4.438220341999855 
2.21 -1.5325646977777778 0.7711494427777779 1.4872711619788863 6.417804885074794 
2.22 -1.517128628888889 0.7547573977777777 1.5616344837026626 7.7744802678099685 
2.23 -1.5017086966666668 0.7381762516666667 1.6349090480337807 9.610827100714488 
2.24 -1.4825410577777778 0.70700548 1.8263696274004941 18.97188919836388 
2.25 -1.4648079755555556 0.6813287672222222 1.9323987055638363 24.25385578994961 
2.26 -1.4451718722222222 0.6500097644444445 1.9867225524933882 28.53663280190964 
2.27 -1.420052571111111 0.5886295855555556 2.2009097077033912 47.01620690757295 
2.28 -1.4016185833333334 0.5526807061111111 2.2107814706016904 53.51936935807823 
2.29 -1.378238728888889 0.5004012355555556 2.1609149910261425 58.28713389155452 
2.3 -1.3565002833333335 0.44646055111111116 2.07627405791636 61.71309809326757 
2.31 -1.3369886555555557 0.40290935111111115 1.9907888097681918 61.210245112363495 
2.32 -1.317854058888889 0.35930266055555554 1.8261248330076458 57.25942295993563 
2.33 -1.3006612022222224 0.32322630333333335 1.7103021921061303 53.35557084331723 
2.34 -1.2843749366666668 0.29183918 1.5827579367225968 47.12729064522578 
2.35 -1.2693331466666666 0.2618013361111111 1.4739147434207378 42.72233019518483 
2.36 -1.2535671188888888 0.22719176333333335 1.3575548037713892 35.35948595202906 
2.37 -1.2407781155555555 0.2118048972222222 1.2777631855512788 30.727146752037402 
2.38 -1.22827488 0.19753174944444443 1.2467444251412982 28.410105920631104 
2.39 -1.2158729222222222 0.18012307944444444 1.1754811307014048 24.262773458716484 
2.4 -1.2043827777777778 0.16862167611111112 1.1385832081401912 21.968975560348937 
