2.2 -1.54609164375 0.783703916563 1.42418985932 5.21517020355 
2.21 -1.53197994 0.77110003125 1.47888762425 5.55473691629 
2.22 -1.51630196375 0.752987351563 1.59055242747 8.95377317646 
2.23 -1.50050808563 0.734936219062 1.65425598365 11.2464470153 
2.24 -1.4834562975 0.71140302375 1.78899002383 17.0356150869 
2.25 -1.46417706937 0.680556190313 1.9674657635 24.8665657603 
2.26 -1.4424593625 0.630550542813 2.21240728835 54.0541957029 
2.27 -1.42118557063 0.587701347188 2.24596641797 60.0412109792 
2.28 -1.39677284813 0.516264995 2.43355225809 92.3755456528 
2.29 -1.37405182 0.450897414375 2.32464353178 103.686943677 
2.3 -1.350330595 0.377930327187 2.12990852164 101.493291882 
2.31 -1.3313561375 0.328403363125 1.94145796985 97.0125717043 
2.32 -1.31300140188 0.282681482812 1.75333290315 81.0126329473 
2.33 -1.29607752375 0.244464012188 1.59286197893 66.9190542494 
2.34 -1.28117308563 0.219637398438 1.50423918954 58.3053660387 
2.35 -1.26654651875 0.1938993 1.3820899874 46.8171328413 
2.36 -1.25264328563 0.172470754063 1.31155586228 40.1767469895 
2.37 -1.23976325375 0.159988994687 1.26725164019 34.9428407138 
2.38 -1.2272206975 0.143003949687 1.19431555623 28.4839851425 
2.39 -1.21559615375 0.136993592813 1.1716988366 27.0783673073 
2.4 -1.20449924563 0.129647180312 1.13242005484 23.9656092031 
