1.0 -1.996 0.9988 0.031936 0.00319424 
1.01 -1.996 0.9988 0.0313067346339 0.00316261386139 
1.02 -1.9958 0.99875 0.0322274509804 0.00322916666667 
1.03 -1.9946 0.99835 0.0406101988877 0.0043583592233 
1.04 -1.994 0.9982 0.0442455621302 0.00460292307692 
1.05 -1.9938 0.99815 0.0448491972789 0.00465362857143 
1.06 -1.992 0.9976 0.0567319330723 0.006016 
1.07 -1.992 0.9976 0.055676478295 0.00595977570093 
1.08 -1.9916 0.9975 0.0573711934156 0.00608796296296 
1.09 -1.9916 0.9975 0.0563233397862 0.00603211009174 
1.1 -1.9916 0.9975 0.0553039338843 0.00597727272727 
1.11 -1.9912 0.9974 0.0568868111355 0.00610176576577 
1.12 -1.9908 0.9973 0.0584035714286 0.00622396428571 
1.13 -1.9906 0.99725 0.0586158352259 0.0062564159292 
1.14 -1.9906 0.99725 0.0575919975377 0.00620153508772 
1.15 -1.9896 0.99685 0.0625840151229 0.00735679130435 
1.16 -1.9886 0.99655 0.0673901307967 0.00797619827586 
1.17 -1.988 0.9964 0.0697085250931 0.00816082051282 
1.18 -1.988 0.9964 0.0685320310256 0.00809166101695 
1.19 -1.9862 0.9958 0.0774226678907 0.00952053781513 
1.2 -1.9848 0.9953 0.0838026666667 0.0107597 
1.21 -1.9848 0.9953 0.0824232224575 0.0106707768595 
1.22 -1.9838 0.99485 0.0863680730986 0.0119622213115 
1.23 -1.9834 0.9947 0.0870498777183 0.0122663739837 
1.24 -1.9828 0.99455 0.0887204994797 0.0124041854839 
1.25 -1.9818 0.99425 0.0923360256 0.0129342 
1.26 -1.9818 0.99425 0.0908761904762 0.012831547619 
1.27 -1.9804 0.99385 0.096263475727 0.0135029212598 
1.28 -1.98 0.99375 0.0966796875 0.0135498046875 
1.29 -1.9776 0.99295 0.106479754822 0.0152722403101 
1.3 -1.9764 0.99245 0.110397727811 0.0165169153846 
1.31 -1.9758 0.99225 0.111448889925 0.0168395038168 
1.32 -1.9744 0.99175 0.116034527089 0.0178998106061 
1.33 -1.9732 0.99145 0.119581118209 0.0182011954887 
1.34 -1.973 0.9914 0.118670082424 0.0181374328358 
1.35 -1.971 0.99075 0.125451851852 0.0193761111111 
1.36 -1.9704 0.9906 0.126132871972 0.019446 
1.37 -1.9692 0.99025 0.129258585966 0.0199414233577 
1.38 -1.9676 0.9897 0.13390094518 0.0209968405797 
1.39 -1.9642 0.9887 0.145579131515 0.0226541294964 
1.4 -1.9628 0.9882 0.149012571429 0.0236021714286 
1.41 -1.9596 0.9872 0.159283416327 0.0253508085106 
1.42 -1.9574 0.98645 0.165414084507 0.0267363309859 
1.43 -1.9562 0.98615 0.167600489021 0.026945951049 
1.44 -1.9544 0.98555 0.171914814815 0.0279616597222 
1.45 -1.9534 0.98515 0.173181336504 0.0287020068966 
1.46 -1.9526 0.9849 0.173678438731 0.0289643561644 
1.47 -1.952 0.98475 0.173438844926 0.0289590136054 
1.48 -1.9504 0.9842 0.176661504748 0.0298658378378 
1.49 -1.9476 0.98345 0.183873230936 0.0307412013423 
1.5 -1.946 0.98285 0.186816 0.0318156733333 
1.51 -1.9432 0.982 0.193629682909 0.0330490066225 
1.52 -1.9418 0.9815 0.195659210526 0.0338361842105 
1.53 -1.9388 0.9807 0.202750326797 0.0347124444444 
1.54 -1.9374 0.9801 0.204555979086 0.0358545194805 
1.55 -1.9346 0.979 0.210651970864 0.0379587096774 
1.56 -1.9324 0.97835 0.214711111111 0.0387340448718 
1.57 -1.9292 0.97735 0.221651766806 0.0401579044586 
1.58 -1.926 0.9763 0.228367248838 0.041742556962 
1.59 -1.9218 0.9749 0.239048708516 0.0440754465409 
1.6 -1.921 0.9746 0.2383734375 0.0443871 
1.61 -1.9188 0.9739 0.241667466533 0.0452640745342 
1.62 -1.9146 0.97235 0.250429568663 0.0479271049383 
1.63 -1.9132 0.97195 0.251218728593 0.0481918957055 
1.64 -1.9114 0.97135 0.253048839976 0.0489126280488 
1.65 -1.91 0.9708 0.253737373737 0.049690569697 
1.66 -1.9058 0.96955 0.261759849035 0.0511995120482 
1.67 -1.903 0.9687 0.265898382875 0.0521444550898 
1.68 -1.9016 0.9682 0.266322902494 0.0527113333333 
1.69 -1.9004 0.9677 0.266208942264 0.0533886627219 
1.7 -1.8976 0.96675 0.270054311419 0.0546339705882 
1.71 -1.8964 0.9662 0.269849923053 0.0554562807018 
1.72 -1.895 0.9658 0.270112222823 0.055652 
1.73 -1.8936 0.9654 0.270345203649 0.055844716763 
1.74 -1.8916 0.9648 0.271963852556 0.0563470344828 
1.75 -1.8896 0.96425 0.273517505306 0.0566787142857 
1.76 -1.888 0.96375 0.274090909091 0.0570703125 
1.77 -1.8828 0.96195 0.282759309266 0.0596094858757 
1.78 -1.8792 0.9606 0.28759924252 0.0615677303371 
1.79 -1.8754 0.9593 0.292718504416 0.0632257206704 
1.8 -1.8722 0.95835 0.296379209877 0.0640895055556 
1.81 -1.8674 0.9567 0.303308494857 0.0662433370166 
1.82 -1.8638 0.95535 0.307510638812 0.0680909395604 
1.83 -1.8618 0.9548 0.308281238616 0.0683212240437 
1.84 -1.8588 0.9538 0.311037996219 0.0693816521739 
1.85 -1.8562 0.95295 0.312895906501 0.0701865891892 
1.86 -1.8538 0.95235 0.3142855359 0.0703322096774 
1.87 -1.8484 0.95055 0.321447499214 0.0724699411765 
1.88 -1.8436 0.94885 0.327228429153 0.0745929308511 
1.89 -1.8392 0.9474 0.332066134767 0.076155005291 
1.9 -1.8382 0.94705 0.330438515235 0.0762553631579 
1.91 -1.8352 0.9461 0.332491938269 0.0770571518325 
1.92 -1.83 0.94425 0.338433159722 0.0793061197917 
1.93 -1.8284 0.9437 0.337784574083 0.0796483108808 
1.94 -1.8252 0.94265 0.339935125943 0.0805896443299 
1.95 -1.8222 0.9416 0.341656447074 0.0816193641026 
1.96 -1.8218 0.9415 0.338863765098 0.081281122449 
1.97 -1.8184 0.94055 0.341180076786 0.0818085228426 
1.98 -1.8166 0.93985 0.340745270891 0.0824383383838 
1.99 -1.8108 0.93795 0.346863321633 0.0843714522613 
2.0 -1.807 0.9368 0.349551 0.08521152 
2.01 -1.805 0.936 0.349273532833 0.0859781094527 
2.02 -1.8008 0.9345 0.353219645133 0.0876430693069 
2.03 -1.7972 0.93305 0.355332242957 0.0893452167488 
2.04 -1.7954 0.93235 0.354612495194 0.0898989754902 
2.05 -1.792 0.93115 0.356298393813 0.0909944926829 
2.06 -1.7888 0.93 0.357615760204 0.0920388349515 
2.07 -1.7832 0.9279 0.362386762818 0.0943992077295 
2.08 -1.778 0.9261 0.366416420118 0.0961322884615 
2.09 -1.7754 0.92535 0.366616918111 0.0963681866029 
2.1 -1.7736 0.92475 0.365662621315 0.0965951190476 
2.11 -1.7676 0.9229 0.370513007345 0.0980200758294 
2.12 -1.7634 0.9217 0.372748700605 0.0986209622642 
2.13 -1.7602 0.92075 0.373555476206 0.0990505868545 
2.14 -1.755 0.9191 0.376954319155 0.100290074766 
2.15 -1.7494 0.91715 0.380746037858 0.102066748837 
2.16 -1.747 0.9163 0.380993655693 0.102674648148 
2.17 -1.7432 0.9151 0.382300545775 0.103395373272 
2.18 -1.7416 0.91445 0.380800808013 0.10377283945 
2.19 -1.736 0.91265 0.384899397427 0.105196305936 
2.2 -1.7334 0.91185 0.384565652893 0.105462868182 
2.21 -1.7322 0.91145 0.382533658197 0.105400719457 
2.22 -1.7254 0.90925 0.387789010632 0.107188175676 
2.23 -1.7204 0.9075 0.390133596091 0.108598654709 
2.24 -1.719 0.907 0.388264508929 0.1086625 
2.25 -1.7144 0.9054 0.390030727901 0.10986816 
2.26 -1.7124 0.9047 0.388821552197 0.11012019469 
2.27 -1.71 0.9038 0.388053329193 0.110652969163 
2.28 -1.7066 0.9028 0.388362911665 0.110968701754 
2.29 -1.698 0.89985 0.394802539997 0.113528344978 
2.3 -1.6954 0.8989 0.394116325142 0.114050069565 
2.31 -1.691 0.8976 0.395883885235 0.114656692641 
2.32 -1.6866 0.8964 0.396983085612 0.114943172414 
2.33 -1.682 0.8951 0.398810808819 0.115443759657 
2.34 -1.6776 0.89375 0.399779560231 0.116044337607 
2.35 -1.6742 0.89265 0.400292881847 0.116597408511 
2.36 -1.6732 0.8923 0.397875438093 0.116441881356 
2.37 -1.6692 0.891 0.398918520892 0.117162869198 
2.38 -1.6584 0.8877 0.405698354636 0.119224722689 
2.39 -1.6532 0.8863 0.407086542603 0.119535246862 
2.4 -1.6494 0.88485 0.407138638889 0.120525795833 
2.41 -1.6458 0.88365 0.40697808922 0.121058385892 
2.42 -1.64 0.8819 0.40871525169 0.121822132231 
2.43 -1.6376 0.88115 0.407435343528 0.121892473251 
2.44 -1.6336 0.87985 0.407518839022 0.122440946721 
2.45 -1.6322 0.8794 0.405379865056 0.122294922449 
2.46 -1.6286 0.878 0.405090911494 0.123196747967 
2.47 -1.6246 0.87685 0.405104060057 0.123415510121 
2.48 -1.6184 0.87465 0.406855775234 0.124858673387 
2.49 -1.6154 0.8739 0.405982380929 0.124656690763 
2.5 -1.6118 0.87295 0.4055684864 0.124613276 
2.51 -1.607 0.8715 0.408089395406 0.125398804781 
2.52 -1.6004 0.8694 0.409876442429 0.12641847619 
2.53 -1.5938 0.86695 0.412068027934 0.128178177866 
2.54 -1.5876 0.8653 0.413371095542 0.128434503937 
2.55 -1.5844 0.86425 0.412934495963 0.128779509804 
2.56 -1.5786 0.86255 0.414320092773 0.129347652344 
2.57 -1.5754 0.8618 0.413338485064 0.129028420233 
2.58 -1.5722 0.8605 0.413308791539 0.129906589147 
2.59 -1.5684 0.85925 0.412707884498 0.130292567568 
2.6 -1.5656 0.85825 0.411891502959 0.130664519231 
2.61 -1.5604 0.8568 0.412179410167 0.130871662835 
2.62 -1.5572 0.85575 0.411122988171 0.131094561069 
2.63 -1.5524 0.8544 0.411082560106 0.131255726236 
2.64 -1.5486 0.85305 0.410375367309 0.131788935606 
2.65 -1.5432 0.8513 0.411097905304 0.132510656604 
2.66 -1.5394 0.84995 0.41033842501 0.133022552632 
2.67 -1.5322 0.84745 0.412497389499 0.134462168539 
2.68 -1.5286 0.84625 0.411551592782 0.134755130597 
2.69 -1.5252 0.84525 0.410477997817 0.134761988848 
2.7 -1.5234 0.84455 0.408478705075 0.13483007037 
2.71 -1.5208 0.8435 0.406948358546 0.135214391144 
2.72 -1.5162 0.842 0.406973161765 0.135714705882 
2.73 -1.5134 0.84085 0.405544386749 0.136185021978 
2.74 -1.5106 0.8398 0.404543470616 0.136548846715 
2.75 -1.5074 0.83875 0.403329713719 0.136688636364 
2.76 -1.5038 0.83745 0.402323860534 0.137105068841 
2.77 -1.5018 0.83645 0.400889760065 0.137655447653 
2.78 -1.4994 0.83575 0.39966856788 0.13754955036 
2.79 -1.494 0.8341 0.399565267661 0.137888444444 
2.8 -1.4884 0.8325 0.399931346939 0.138133928571 
2.81 -1.4856 0.8316 0.398471468193 0.138137281139 
2.82 -1.4792 0.82935 0.398756279865 0.139083088652 
2.83 -1.4756 0.8279 0.397659923335 0.139691293286 
2.84 -1.4698 0.8259 0.397583792898 0.140407309859 
2.85 -1.4656 0.82445 0.397127308095 0.140852207018 
2.86 -1.4614 0.82295 0.39625900533 0.141298318182 
2.87 -1.4576 0.82195 0.395198310044 0.141077627178 
2.88 -1.4544 0.8211 0.393480246914 0.140756652778 
2.89 -1.4524 0.82065 0.391630483351 0.140288688581 
2.9 -1.4492 0.8194 0.390306473246 0.140667089655 
2.91 -1.444 0.8178 0.389822510362 0.140897814433 
2.92 -1.44 0.81645 0.388815912929 0.141143010274 
2.93 -1.4392 0.8164 0.386494128062 0.140465583618 
2.94 -1.436 0.8151 0.385905872553 0.141036721088 
2.95 -1.4302 0.81325 0.385603199081 0.141422966102 
2.96 -1.4274 0.8125 0.384828907962 0.141275337838 
2.97 -1.4232 0.81105 0.384587404913 0.141714340067 
2.98 -1.4204 0.8097 0.383434908337 0.142397194631 
2.99 -1.4158 0.80795 0.382595434056 0.142999060201 
3.0 -1.4138 0.8075 0.381853137778 0.142725 
