2.2 -1.5465844195918368 0.785227534489796 1.4131157192626054 4.609581878895358 
2.21 -1.5321928491836736 0.7711378418367347 1.487448938074649 6.035113439863133 
2.22 -1.5167408953061223 0.7537127810204082 1.5927760590648188 9.401811380342052 
2.23 -1.5006295971428572 0.7345416525510204 1.6846228479302052 12.058306384628816 
2.24 -1.483070566734694 0.7097504378571429 1.8156689080491741 19.377775561086203 
2.25 -1.4639839136734694 0.6779515775510204 1.9871493730066883 30.17671842410721 
2.26 -1.4408904 0.6154685901020408 2.3843236326546786 114.01119338037674 
2.27 -1.4172218875510205 0.5449346262244897 2.43360557406925 156.47183297239235 
2.28 -1.3907389720408163 0.4331543302040816 2.614445005676038 273.2488784526091 
2.29 -1.367160141632653 0.3407519642857143 2.409493220942339 274.6500029885426 
2.3 -1.3441960448979593 0.24466482224489797 1.9494686256261307 201.95057865519016 
2.31 -1.3250801032653061 0.18222585193877552 1.7387598370651103 142.44044606770953 
2.32 -1.3094226375510205 0.16081885153061223 1.6060584045644393 109.45802874812502 
2.33 -1.2939883055102042 0.13538297918367345 1.4998241271804968 78.90124498780644 
2.34 -1.279671320612245 0.12184016091836734 1.428823068624175 67.65398178646305 
2.35 -1.2652619787755104 0.10707079265306123 1.3520893810772059 52.718573645537305 
2.36 -1.2520252463265307 0.09877892673469388 1.2974768583942557 44.53920967251432 
2.37 -1.2397783012244898 0.09256747142857143 1.2587144298368946 39.92386316439434 
2.38 -1.2271841408163267 0.08193221775510204 1.1999222796085907 30.665660684949515 
2.39 -1.2154106867346939 0.07603884387755101 1.159420562523952 26.200390873226127 
2.4 -1.203831291632653 0.07149429112244898 1.1249538000647712 23.519379173701804 
