2.2 -1.5463338476000001 0.7846289946 1.4024376469832067 4.566425413423642 
2.21 -1.53172572 0.7695473286000001 1.4936144978222319 7.200572445626915 
2.22 -1.5164815708 0.7537569692 1.583437202427717 8.171494734911164 
2.23 -1.4997556316 0.7326052232 1.7024351095035695 12.867932337929116 
2.24 -1.4819393032 0.7041244665999999 1.9027045288156448 25.22144225189961 
2.25 -1.4637435892 0.6779093186 1.9768012311340848 28.550690634149646 
2.26 -1.4409142372000001 0.616054298 2.311637830883394 87.55423183312921 
2.27 -1.4187476204 0.5666559438000001 2.4181678763751844 98.825365601459 
2.28 -1.3913234276 0.4639874354 2.5149367270459764 150.6473323656617 
2.29 -1.3691955128 0.3981260636 2.3216573951393973 155.5156332735753 
2.3 -1.347743838 0.3298352344 2.09897917049143 142.24683927259596 
2.31 -1.3298193616 0.2892187874 1.9199238158359633 122.02349319945276 
2.32 -1.3099726268 0.2220544782 1.6599495172191647 93.31752273450746 
2.33 -1.2949392 0.2019051742 1.5562897677244936 79.98400370792986 
2.34 -1.280030804 0.1715040428 1.4575297682693646 64.34660160570841 
2.35 -1.2654732144 0.1519905808 1.370263153520198 50.89366856169647 
2.36 -1.2525954204 0.1380153758 1.3137325725136382 42.71948607637617 
2.37 -1.2395487664 0.12775038660000002 1.2601552214180671 36.008479744770206 
2.38 -1.2272672112 0.1170055298 1.2098679179693337 31.85133425924921 
2.39 -1.2153821271999998 0.10705545 1.1571912613629574 25.894216815805446 
2.4 -1.2040369575999998 0.1007089938 1.1321270903748357 23.50645339196485 
