2.2 -1.546232135 0.78249946625 1.43866825813 5.74368413275 
2.21 -1.53294946 0.77284204875 1.46302803324 5.34511382206 
2.22 -1.5158675325 0.75087359125 1.60223888681 8.71381605127 
2.23 -1.501205195 0.7370654625 1.6333992616 9.20466116074 
2.24 -1.4836671075 0.7137960375 1.738136429 12.0176753008 
2.25 -1.466770305 0.69364163625 1.78954276589 13.5997481063 
2.26 -1.44537227 0.65681511375 1.94847297441 19.1461773769 
2.27 -1.4275541275 0.632114655 1.9662869806 21.0587795704 
2.28 -1.407883715 0.59838996625 2.02311865583 24.6486117911 
2.29 -1.38841817 0.5653781675 2.02180777296 26.9834044314 
2.3 -1.3692151725 0.53410441 1.97093795525 27.9228339086 
2.31 -1.3509989875 0.50217789375 1.94004036813 29.4820103998 
2.32 -1.329136925 0.45577848875 1.90208211624 31.0716112288 
2.33 -1.3110876025 0.42237918 1.79445707662 30.6920423494 
2.34 -1.29231609 0.38592810625 1.68616678417 29.4435360139 
2.35 -1.2773736425 0.36169967125 1.58362166846 27.8569531556 
2.36 -1.26305242 0.341748575 1.51780355347 26.3762524732 
2.37 -1.2474634625 0.31629854375 1.42551993698 24.3474149376 
2.38 -1.233488385 0.291934095 1.34456267427 22.6462516733 
2.39 -1.2199791275 0.27311325 1.2808413986 20.7682062465 
2.4 -1.2076834675 0.2549633475 1.21688629401 18.8096641565 
