2.2 -1.5463453353125 0.784144066015625 1.4374554875818626 5.692312456607099
2.21 -1.5318359546875002 0.770112398828125 1.4958724359345994 6.173457614034499
2.22 -1.5162395671875002 0.752317805234375 1.5999332047107262 9.24456191351763
2.23 -1.4998853915625 0.731956080234375 1.7403615690227952 14.793686898691462
2.24 -1.4827746365625 0.7085998843749999 1.8310909137468039 20.10901384756081
2.25 -1.4628731453125 0.671301858515625 2.0693495443352945 46.402592337996595
2.26 -1.4413040732812499 0.621014632109375 2.3433258515813367 86.84528343635766
2.27 -1.4174936265625002 0.542279571484375 2.5789831316062024 207.77299739712322
2.28 -1.3900885937499998 0.41819204875 2.65834782421169 331.5823237473664
2.29 -1.3657852960937502 0.312442062265625 2.30815169838864 311.13511862854733
2.3 -1.34431474531 0.225213086719 1.93091863723 233.929058389
2.31 -1.32568913344 0.176015831484 1.67851163883 148.126752138
2.32 -1.30968248953 0.147093918281 1.59504793014 118.49361251
2.33 -1.29405123234 0.119622849844 1.48674425053 80.0135926856
2.34 -1.27932034781 0.109491986094 1.42122355292 70.1883747992
2.35 -1.26596275938 0.0985543567187 1.34994589521 59.185039085
2.36 -1.25212147312 0.0890023257031 1.30638457238 46.4069623889
2.37 -1.23924971422 0.0763907405469 1.24900169836 35.5811578117
2.38 -1.22712291313 0.0712255607813 1.20315647143 31.2927982767
2.39 -1.21547279703 0.0690335763281 1.1658016614 28.1164860204
2.4 -1.20409874109 0.0625447745312 1.12328549538 23.9042286518
