2.2 -1.5463453353125 0.784144066015625 1.4374554875818626 5.692312456607099
2.21 -1.5318359546875002 0.770112398828125 1.4958724359345994 6.173457614034499
2.22 -1.5162395671875002 0.752317805234375 1.5999332047107262 9.24456191351763
2.23 -1.4998853915625 0.731956080234375 1.7403615690227952 14.793686898691462
2.24 -1.4827746365625 0.7085998843749999 1.8310909137468039 20.10901384756081
2.25 -1.4628731453125 0.671301858515625 2.0693495443352945 46.402592337996595
2.26 -1.4413040732812499 0.621014632109375 2.3433258515813367 86.84528343635766
2.27 -1.4174936265625002 0.542279571484375 2.5789831316062024 207.77299739712322
2.28 -1.3900885937499998 0.41819204875 2.65834782421169 331.5823237473664
2.29 -1.3657852960937502 0.312442062265625 2.30815169838864 311.13511862854733
