0.0299401 -0.00799805 -0.00239091
0.0598802 -0.015994 -0.00485212
0.0898204 -0.0239856 -0.00738336
0.11976 -0.0319707 -0.00998433
0.149701 -0.0399473 -0.0126547
0.179641 -0.0479131 -0.015394
0.209581 -0.055866 -0.0182019
0.239521 -0.063804 -0.0210779
0.269461 -0.0717248 -0.0240214
0.299401 -0.0796264 -0.027032
0.329341 -0.0875066 -0.030109
0.359281 -0.0953634 -0.0332519
0.389222 -0.103195 -0.0364599
0.419162 -0.110998 -0.0397324
0.449102 -0.118772 -0.0430685
0.479042 -0.126515 -0.0464676
0.508982 -0.134223 -0.0499288
0.538922 -0.141896 -0.0534513
0.568862 -0.149531 -0.0570341
0.598802 -0.157126 -0.0606763
0.628743 -0.164679 -0.064377
0.658683 -0.172189 -0.0681351
0.688623 -0.179653 -0.0719497
0.718563 -0.187069 -0.0758196
0.748503 -0.194436 -0.0797437
0.778443 -0.201752 -0.083721
0.808383 -0.209015 -0.0877501
0.838323 -0.216222 -0.09183
0.868263 -0.223373 -0.0959594
0.898204 -0.230465 -0.100137
0.928144 -0.237497 -0.104361
0.958084 -0.244467 -0.108632
0.988024 -0.251373 -0.112946
1.01796 -0.258214 -0.117303
1.0479 -0.264988 -0.121701
1.07784 -0.271693 -0.12614
1.10778 -0.278328 -0.130617
1.13772 -0.284891 -0.135131
1.16766 -0.291381 -0.139681
1.1976 -0.297796 -0.144264
1.22754 -0.304134 -0.14888
1.25749 -0.310395 -0.153527
1.28743 -0.316577 -0.158203
1.31737 -0.322679 -0.162906
1.34731 -0.328699 -0.167636
1.37725 -0.334635 -0.17239
1.40719 -0.340488 -0.177166
1.43713 -0.346255 -0.181963
1.46707 -0.351935 -0.18678
1.49701 -0.357527 -0.191614
1.52695 -0.363031 -0.196463
1.55689 -0.368444 -0.201327
1.58683 -0.373766 -0.206203
1.61677 -0.378996 -0.211089
1.64671 -0.384134 -0.215984
1.67665 -0.389177 -0.220886
1.70659 -0.394125 -0.225793
1.73653 -0.398978 -0.230704
1.76647 -0.403734 -0.235615
1.79641 -0.408393 -0.240527
1.82635 -0.412953 -0.245436
1.85629 -0.417416 -0.250342
1.88623 -0.421778 -0.255241
1.91617 -0.426041 -0.260133
1.94611 -0.430203 -0.265016
1.97605 -0.434265 -0.269888
2.00599 -0.438224 -0.274746
2.03593 -0.442082 -0.27959
2.06587 -0.445837 -0.284417
2.09581 -0.449489 -0.289226
2.12575 -0.453038 -0.294015
2.15569 -0.456484 -0.298782
2.18563 -0.459826 -0.303525
2.21557 -0.463063 -0.308242
2.24551 -0.466197 -0.312933
2.27545 -0.469227 -0.317594
2.30539 -0.472152 -0.322225
2.33533 -0.474972 -0.326824
2.36527 -0.477688 -0.331388
2.39521 -0.4803 -0.335917
2.42515 -0.482807 -0.340409
2.45509 -0.485209 -0.344862
2.48503 -0.487508 -0.349274
2.51497 -0.489702 -0.353644
2.54491 -0.491793 -0.35797
2.57485 -0.493779 -0.362251
2.60479 -0.495662 -0.366485
2.63473 -0.497443 -0.370671
2.66467 -0.49912 -0.374807
2.69461 -0.500695 -0.378892
2.72455 -0.502167 -0.382924
2.75449 -0.503539 -0.386902
2.78443 -0.504809 -0.390825
2.81437 -0.505978 -0.394691
2.84431 -0.507047 -0.398498
2.87425 -0.508017 -0.402247
2.90419 -0.508887 -0.405934
2.93413 -0.509659 -0.40956
2.96407 -0.510334 -0.413123
2.99401 -0.510911 -0.416621
3.02395 -0.511392 -0.420054
3.05389 -0.511778 -0.42342
3.08383 -0.512068 -0.426719
3.11377 -0.512265 -0.429949
3.14371 -0.512368 -0.43311
3.17365 -0.512379 -0.4362
3.20359 -0.512299 -0.439218
3.23353 -0.512128 -0.442164
3.26347 -0.511867 -0.445037
3.29341 -0.511517 -0.447835
3.32335 -0.511079 -0.450559
3.35329 -0.510555 -0.453206
3.38323 -0.509945 -0.455778
3.41317 -0.50925 -0.458272
3.44311 -0.508471 -0.460689
3.47305 -0.507609 -0.463027
3.50299 -0.506666 -0.465286
3.53293 -0.505643 -0.467466
3.56287 -0.50454 -0.469565
3.59281 -0.503358 -0.471584
3.62275 -0.5021 -0.473523
3.65269 -0.500766 -0.47538
3.68263 -0.499356 -0.477155
3.71257 -0.497874 -0.478848
3.74251 -0.496318 -0.480459
3.77246 -0.494692 -0.481988
3.8024 -0.492996 -0.483434
3.83234 -0.491231 -0.484797
3.86228 -0.489399 -0.486077
3.89222 -0.4875 -0.487274
3.92216 -0.485537 -0.488388
3.9521 -0.48351 -0.489418
3.98204 -0.481421 -0.490366
4.01198 -0.47927 -0.49123
4.04192 -0.47706 -0.492011
4.07186 -0.474792 -0.49271
4.1018 -0.472466 -0.493325
4.13174 -0.470085 -0.493858
4.16168 -0.467649 -0.494309
4.19162 -0.46516 -0.494677
4.22156 -0.462619 -0.494964
4.2515 -0.460027 -0.495169
4.28144 -0.457387 -0.495293
4.31138 -0.454699 -0.495336
4.34132 -0.451964 -0.495299
4.37126 -0.449183 -0.495182
4.4012 -0.44636 -0.494986
4.43114 -0.443493 -0.49471
4.46108 -0.440585 -0.494357
4.49102 -0.437638 -0.493925
4.52096 -0.434652 -0.493416
4.5509 -0.431628 -0.492831
4.58084 -0.428569 -0.492169
4.61078 -0.425475 -0.491433
4.64072 -0.422348 -0.490621
4.67066 -0.419188 -0.489736
4.7006 -0.415998 -0.488778
4.73054 -0.412779 -0.487747
4.76048 -0.409531 -0.486645
4.79042 -0.406256 -0.485472
4.82036 -0.402956 -0.48423
4.8503 -0.399631 -0.482918
4.88024 -0.396283 -0.481538
4.91018 -0.392913 -0.480091
4.94012 -0.389522 -0.478578
4.97006 -0.386112 -0.476999
5 -0.382683 -0.475356
5.02994 -0.379237 -0.473649
5.05988 -0.375776 -0.47188
5.08982 -0.372299 -0.47005
5.11976 -0.368809 -0.468159
5.1497 -0.365306 -0.466209
5.17964 -0.361792 -0.464201
5.20958 -0.358268 -0.462136
5.23952 -0.354734 -0.460014
5.26946 -0.351192 -0.457838
5.2994 -0.347644 -0.455607
5.32934 -0.344089 -0.453324
5.35928 -0.340529 -0.450989
5.38922 -0.336966 -0.448603
5.41916 -0.333399 -0.446168
5.4491 -0.329831 -0.443685
5.47904 -0.326262 -0.441155
5.50898 -0.322693 -0.438579
5.53892 -0.319125 -0.435958
5.56886 -0.315558 -0.433294
5.5988 -0.311995 -0.430587
5.62874 -0.308435 -0.427839
5.65868 -0.304881 -0.425051
5.68862 -0.301331 -0.422225
5.71856 -0.297788 -0.41936
5.7485 -0.294252 -0.416459
5.77844 -0.290725 -0.413523
5.80838 -0.287206 -0.410553
5.83832 -0.283696 -0.40755
5.86826 -0.280197 -0.404516
5.8982 -0.27671 -0.401451
5.92814 -0.273234 -0.398356
5.95808 -0.26977 -0.395234
5.98802 -0.26632 -0.392085
6.01796 -0.262884 -0.38891
6.0479 -0.259463 -0.38571
6.07784 -0.256057 -0.382487
6.10778 -0.252667 -0.379242
6.13772 -0.249293 -0.375975
6.16766 -0.245937 -0.372689
6.1976 -0.242598 -0.369384
6.22754 -0.239278 -0.366061
6.25749 -0.235976 -0.362722
6.28743 -0.232694 -0.359367
6.31737 -0.229432 -0.355998
6.34731 -0.22619 -0.352616
6.37725 -0.222968 -0.349221
6.40719 -0.219769 -0.345816
6.43713 -0.216591 -0.342401
6.46707 -0.213435 -0.338976
6.49701 -0.210302 -0.335544
6.52695 -0.207192 -0.332105
6.55689 -0.204105 -0.32866
6.58683 -0.201042 -0.32521
6.61677 -0.198003 -0.321757
6.64671 -0.194989 -0.3183
6.67665 -0.191999 -0.314842
6.70659 -0.189034 -0.311383
6.73653 -0.186095 -0.307924
6.76647 -0.183182 -0.304466
6.79641 -0.180294 -0.301009
6.82635 -0.177433 -0.297556
6.85629 -0.174598 -0.294106
6.88623 -0.17179 -0.290661
6.91617 -0.169008 -0.287221
6.94611 -0.166253 -0.283787
6.97605 -0.163526 -0.28036
7.00599 -0.160826 -0.276941
7.03593 -0.158154 -0.273531
7.06587 -0.155509 -0.27013
7.09581 -0.152892 -0.266739
7.12575 -0.150303 -0.263359
7.15569 -0.147742 -0.259991
7.18563 -0.145209 -0.256635
7.21557 -0.142704 -0.253293
7.24551 -0.140227 -0.249964
7.27545 -0.137779 -0.246649
7.30539 -0.135359 -0.243349
7.33533 -0.132967 -0.240065
7.36527 -0.130603 -0.236798
7.39521 -0.128269 -0.233547
7.42515 -0.125962 -0.230314
7.45509 -0.123684 -0.227098
7.48503 -0.121434 -0.223901
7.51497 -0.119212 -0.220724
7.54491 -0.117019 -0.217565
7.57485 -0.114854 -0.214427
7.60479 -0.112718 -0.21131
7.63473 -0.110609 -0.208213
7.66467 -0.108528 -0.205138
7.69461 -0.106476 -0.202085
7.72455 -0.104451 -0.199054
7.75449 -0.102454 -0.196046
7.78443 -0.100485 -0.193061
7.81437 -0.0985429 -0.1901
7.84431 -0.0966286 -0.187162
7.87425 -0.0947416 -0.184249
7.90419 -0.0928818 -0.18136
7.93413 -0.0910491 -0.178496
7.96407 -0.0892432 -0.175657
7.99401 -0.0874641 -0.172843
8.02395 -0.0857115 -0.170055
8.05389 -0.0839854 -0.167292
8.08383 -0.0822855 -0.164556
8.11377 -0.0806117 -0.161846
8.14371 -0.0789638 -0.159163
8.17365 -0.0773416 -0.156506
8.20359 -0.0757449 -0.153877
8.23353 -0.0741735 -0.151274
8.26347 -0.0726273 -0.148698
8.29341 -0.071106 -0.14615
8.32335 -0.0696094 -0.143629
8.35329 -0.0681373 -0.141136
8.38323 -0.0666896 -0.138671
8.41317 -0.0652659 -0.136233
8.44311 -0.063866 -0.133823
8.47305 -0.0624898 -0.131441
8.50299 -0.061137 -0.129087
8.53293 -0.0598074 -0.126761
8.56287 -0.0585008 -0.124463
8.59281 -0.0572168 -0.122193
8.62275 -0.0559554 -0.119951
8.65269 -0.0547161 -0.117737
8.68263 -0.0534989 -0.115551
8.71257 -0.0523035 -0.113393
8.74251 -0.0511296 -0.111263
8.77246 -0.049977 -0.109161
8.8024 -0.0488454 -0.107087
8.83234 -0.0477346 -0.10504
8.86228 -0.0466443 -0.103022
8.89222 -0.0455744 -0.101031
8.92216 -0.0445244 -0.0990671
8.9521 -0.0434943 -0.0971311
8.98204 -0.0424837 -0.0952224
9.01198 -0.0414925 -0.093341
9.04192 -0.0405203 -0.0914868
9.07186 -0.0395668 -0.0896596
9.1018 -0.038632 -0.0878592
9.13174 -0.0377154 -0.0860856
9.16168 -0.0368169 -0.0843386
9.19162 -0.0359362 -0.082618
9.22156 -0.035073 -0.0809237
9.2515 -0.0342271 -0.0792555
9.28144 -0.0333983 -0.0776133
9.31138 -0.0325863 -0.0759968
9.34132 -0.0317909 -0.0744059
9.37126 -0.0310118 -0.0728404
9.4012 -0.0302487 -0.0713001
9.43114 -0.0295015 -0.0697849
9.46108 -0.0287699 -0.0682944
9.49102 -0.0280536 -0.0668286
9.52096 -0.0273524 -0.0653872
9.5509 -0.0266661 -0.06397
9.58084 -0.0259945 -0.0625767
9.61078 -0.0253372 -0.0612072
9.64072 -0.0246941 -0.0598612
9.67066 -0.0240649 -0.0585386
9.7006 -0.0234495 -0.057239
9.73054 -0.0228475 -0.0559623
9.76048 -0.0222587 -0.0547082
9.79042 -0.021683 -0.0534764
9.82036 -0.0211201 -0.0522668
9.8503 -0.0205698 -0.0510791
9.88024 -0.0200318 -0.0499131
9.91018 -0.0195059 -0.0487685
9.94012 -0.018992 -0.047645
9.97006 -0.0184898 -0.0465425
10 -0.0179991 -0.0454606
10.0299 -0.0175197 -0.0443992
10.0599 -0.0170514 -0.0433579
10.0898 -0.016594 -0.0423366
10.1198 -0.0161472 -0.0413349
10.1497 -0.015711 -0.0403527
10.1796 -0.015285 -0.0393896
10.2096 -0.0148691 -0.0384454
10.2395 -0.0144631 -0.0375199
10.2695 -0.0140668 -0.0366128
10.2994 -0.01368 -0.0357239
10.3293 -0.0133025 -0.0348529
10.3593 -0.0129342 -0.0339995
10.3892 -0.0125749 -0.0331635
10.4192 -0.0122243 -0.0323447
10.4491 -0.0118824 -0.0315427
10.479 -0.0115489 -0.0307575
10.509 -0.0112236 -0.0299886
10.5389 -0.0109064 -0.0292358
10.5689 -0.0105972 -0.028499
10.5988 -0.0102957 -0.0277778
10.6287 -0.0100019 -0.027072
10.6587 -0.00971543 -0.0263814
10.6886 -0.00943627 -0.0257057
10.7186 -0.00916424 -0.0250447
10.7485 -0.00889919 -0.0243982
10.7784 -0.00864096 -0.0237658
10.8084 -0.0083894 -0.0231474
10.8383 -0.00814437 -0.0225428
10.8683 -0.00790573 -0.0219517
10.8982 -0.00767333 -0.0213738
10.9281 -0.00744704 -0.020809
10.9581 -0.00722672 -0.0202569
10.988 -0.00701224 -0.0197175
11.018 -0.00680345 -0.0191904
11.0479 -0.00660025 -0.0186755
11.0778 -0.00640248 -0.0181725
11.1078 -0.00621004 -0.0176812
11.1377 -0.0060228 -0.0172014
11.1677 -0.00584064 -0.0167329
11.1976 -0.00566343 -0.0162755
11.2275 -0.00549107 -0.0158289
11.2575 -0.00532344 -0.015393
11.2874 -0.00516042 -0.0149675
11.3174 -0.00500191 -0.0145522
11.3473 -0.00484779 -0.0141471
11.3772 -0.00469797 -0.0137517
11.4072 -0.00455233 -0.013366
11.4371 -0.00441078 -0.0129898
11.4671 -0.00427322 -0.0126229
11.497 -0.00413955 -0.0122651
11.5269 -0.00400966 -0.0119161
11.5569 -0.00388348 -0.0115759
11.5868 -0.00376089 -0.0112442
11.6168 -0.00364183 -0.0109209
11.6467 -0.00352619 -0.0106058
11.6766 -0.00341389 -0.0102987
11.7066 -0.00330484 -0.00999951
11.7365 -0.00319896 -0.00970795
11.7665 -0.00309618 -0.00942391
11.7964 -0.0029964 -0.00914722
11.8263 -0.00289956 -0.00887773
11.8563 -0.00280557 -0.00861528
11.8862 -0.00271436 -0.00835971
11.9162 -0.00262586 -0.00811087
11.9461 -0.00254 -0.00786862
11.976 -0.0024567 -0.00763279
12.006 -0.0023759 -0.00740325
12.0359 -0.00229754 -0.00717986
12.0659 -0.00222153 -0.00696247
12.0958 -0.00214783 -0.00675095
12.1257 -0.00207637 -0.00654516
12.1557 -0.00200709 -0.00634497
12.1856 -0.00193992 -0.00615024
12.2156 -0.00187482 -0.00596085
12.2455 -0.00181172 -0.00577667
12.2754 -0.00175057 -0.00559758
12.3054 -0.00169131 -0.00542345
12.3353 -0.00163389 -0.00525417
12.3653 -0.00157826 -0.00508962
12.3952 -0.00152437 -0.00492968
12.4251 -0.00147217 -0.00477424
12.4551 -0.00142162 -0.00462319
12.485 -0.00137265 -0.00447642
12.515 -0.00132524 -0.00433382
12.5449 -0.00127933 -0.00419529
12.5749 -0.00123488 -0.00406073
12.6048 -0.00119184 -0.00393004
12.6347 -0.00115019 -0.00380311
12.6647 -0.00110987 -0.00367985
12.6946 -0.00107085 -0.00356017
12.7246 -0.00103309 -0.00344397
12.7545 -0.000996548 -0.00333116
12.7844 -0.000961193 -0.00322166
12.8144 -0.000926987 -0.00311537
12.8443 -0.000893897 -0.00301222
12.8743 -0.000861889 -0.00291211
12.9042 -0.000830929 -0.00281497
12.9341 -0.000800986 -0.00272072
12.9641 -0.000772029 -0.00262927
12.994 -0.000744028 -0.00254056
13.024 -0.000716952 -0.0024545
13.0539 -0.000690774 -0.00237103
13.0838 -0.000665465 -0.00229007
13.1138 -0.000640998 -0.00221155
13.1437 -0.000617347 -0.0021354
13.1737 -0.000594487 -0.00206156
13.2036 -0.000572391 -0.00198996
13.2335 -0.000551035 -0.00192054
13.2635 -0.000530397 -0.00185323
13.2934 -0.000510452 -0.00178798
13.3234 -0.000491179 -0.00172471
13.3533 -0.000472555 -0.00166339
13.3832 -0.00045456 -0.00160394
13.4132 -0.000437172 -0.00154631
13.4431 -0.000420371 -0.00149045
13.4731 -0.000404139 -0.0014363
13.503 -0.000388455 -0.00138382
13.5329 -0.000373302 -0.00133294
13.5629 -0.000358661 -0.00128363
13.5928 -0.000344515 -0.00123583
13.6228 -0.000330848 -0.00118949
13.6527 -0.000317641 -0.00114458
13.6826 -0.00030488 -0.00110103
13.7126 -0.000292549 -0.00105882
13.7425 -0.000280632 -0.00101789
13.7725 -0.000269115 -0.000978201
13.8024 -0.000257982 -0.000939716
13.8323 -0.000247221 -0.000902393
13.8623 -0.000236818 -0.000866192
13.8922 -0.000226759 -0.000831074
13.9222 -0.000217031 -0.000797001
13.9521 -0.000207622 -0.000763937
13.982 -0.000198519 -0.000731845
14.012 -0.000189711 -0.000700689
14.0419 -0.000181186 -0.000670435
14.0719 -0.000172932 -0.000641049
14.1018 -0.000164939 -0.000612498
14.1317 -0.000157195 -0.000584748
14.1617 -0.000149691 -0.000557769
14.1916 -0.000142415 -0.000531528
14.2216 -0.000135358 -0.000505996
14.2515 -0.00012851 -0.000481141
14.2814 -0.000121862 -0.000456934
14.3114 -0.000115403 -0.000433345
14.3413 -0.000109126 -0.000410347
14.3713 -0.00010302 -0.000387911
14.4012 -9.70776e-05 -0.000366009
14.4311 -9.12893e-05 -0.000344614
14.4611 -8.56468e-05 -0.000323698
14.491 -8.01419e-05 -0.000303236
14.521 -7.47663e-05 -0.0002832
14.5509 -6.9512e-05 -0.000263566
14.5808 -6.43708e-05 -0.000244306
14.6108 -5.9335e-05 -0.000225396
14.6407 -5.43969e-05 -0.000206809
14.6707 -4.95486e-05 -0.000188522
14.7006 -4.47825e-05 -0.000170509
14.7305 -4.00912e-05 -0.000152745
14.7605 -3.54671e-05 -0.000135206
14.7904 -3.09027e-05 -0.000117866
14.8204 -2.63906e-05 -0.000100701
14.8503 -2.19234e-05 -8.36869e-05
14.8802 -1.74936e-05 -6.67981e-05
14.9102 -1.30938e-05 -5.00099e-05
14.9401 -8.71663e-06 -3.32976e-05
14.9701 -4.35453e-06 -1.66361e-05
