0.1 14.8357 15.088 16.3452
0.15 10.3484 10.6455 11.2486
0.2 7.76221 8.12162 8.6227
0.25 6.37996 6.78212 7.1397
0.3 5.32346 5.75895 6.07065
0.35 4.76748 5.23839 5.3622
0.4 4.3665 4.87185 5.02944
0.45 3.96875 4.50474 4.61914
0.5 3.77015 4.33086 4.42822
0.55 3.51483 4.12309 4.22058
0.6 3.47916 4.07487 4.1178
0.65 3.30428 3.94444 3.98921
0.7 3.18129 3.85725 3.89549
0.75 3.11483 3.81144 3.83387
0.8 3.07457 3.78748 3.77605
0.85 3.02649 3.76098 3.74375
0.9 3.0138 3.77757 3.74156
0.95 3.00962 3.76873 3.73523
1 3 3.78553 3.73834
1.05 3.00364 3.81082 3.75124
1.1 3.01687 3.8569 3.78493
1.15 3.0229 3.87533 3.79676
1.2 3.05037 3.9214 3.841
1.25 3.07148 3.95937 3.87253
1.3 3.09941 3.97684 3.889
1.35 3.1719 4.12648 3.96788
1.4 3.18652 4.1222 3.99854
1.45 3.2079 4.17586 4.01401
1.5 3.23216 4.20406 4.07737
1.55 3.31655 4.31067 4.15003
1.6 3.34146 4.35427 4.18267
1.65 3.35661 4.34853 4.22535
1.7 3.38773 4.39732 4.27394
1.75 3.48668 4.52354 4.32336
1.8 3.54217 4.61445 4.39328
1.85 3.59321 4.6656 4.49748
1.9 3.6942 4.81633 4.57862
1.95 3.69545 4.78788 4.67209
2 3.78229 4.92592 4.71931
